49
142
117
163
132
93
132
150
182
145
221
162
111
140
179
174
55
162
142
60
21
43
26
65
10
65
65
85
10
65
65
25
25
45
45
65
85
10
65
110
37
43
10
25
126
199
135
254
219
246
218
148
226
213
147
108
126
165
57
133
374
399
99
291
316
170
200
150
219
200
119
155
280
134
124
95
171
199
60
115
50
95
150
160
335
310
218
236
215
129
117
109
109
110
123
127
150
144
144
217
241
185
241
133
69
102
98
36
36
180
185
241
248
248
69
102
98
127
344
375
311
413
409
430
402
387
468
246
252
553
304
482
435
198
198
198
198
36
50
47
212
140
81
41
152
91
68
44
212
152
75
40
135
86
60
39
6
64
194
132
76
44
138
83
57
16
54
53
88
86
68
5
53
22
117
71
2
2
2
2
2
8
107
8
10
10
8
160
55
160
160
55
55
55
55
200
200
200
200
200
55
130
130
130
130
130
130
5
2
11
55
130
71
93
85
85
93
85
85
93
85
85
93
85
85
93
85
85
162
98
93
85
85
93
85
85
93
157
149
149
157
149
149
182
179
348
337
178
90
337
155
158
153
120
76
107
76
107
66
88
68
78
86
54
55
148
113
311
106
473
277
270
305
426
400
440
80
222
80
222
269
420
149
142
149
192
133
123
96
162
43
250
23
25
85
242
39
347
221
70
70
28
80
80
80
80
65
35
10
10
10
10
10
10
10
10
10
10
10
10
10
10
10
10
10
10
10
10
164
183
161
179
207
145
227
155
108
70
118
151
113
79
123
114
78
129
102
48
89
115
90
104
117
87
123
153
96
100
69
96
96
127
105
112
117
79
110
113
80
119
125
92
123
147
147
155
124
130
124
127
129
133
91
130
127
112
165
319
305
223
87
191
120
533
149
110
131
171
199
220
187
131
138
115
165
260
240
260
240
260
240
260
148
184
196
209
198
190
201
207
228
237
184
260
240
240
240
230
225
30
30
30
30
30
30
30
22
35
35
50
35
35
35
10
10
10
10
10
10
10
10
10
10
10
10
10
10
10
10
10