358
304
376
311
304
355
300
305
233
301
215
342
371
270
284
253
370
312
287
401
349
343
342
261
173
270
270
306
181
237
340
283
400
283
269
269
304
180
236
257
349
343
160
160
228
283
312
282
295
240
261
271
261
274
274
338
228
286
254
286
252
266
261
233
250
225
255
207
257
234
263
282
262
282
243
264
244
258
250
244
237
237
272
225
271
241
213
221
268
256
243
277
277
229
242
235
224
246
242
206
191
205
180
275
226
206
189
255
267
294
209
183
179
183
229
206
189
225
43
78
85
95
105
121
129
174
250
250
252
262
270
293
295
178
173
179
166
292
228
274
268
153
274
170
309
179
337
236
231
149
239
175
269
175
297
216
351
302
274
157
293
170
310
188
338
212
271
253
270
246
326
302
271
296
411
312
164
196
224
224
224
259
259
241
220
220
241
217
294
189
221
294
217
217
248
183
213
195
195
171
170
236
236
187
236
236
236
272
164
179
218
164
301
287
291
288
306
313
310
246
248
245
173
167
165
281
286
283
187
242
306
313
310
181
176
173
170
225
224
223
223
223
221
188
186
177
165
158
162
169
196
180
175
163
180
249
207
126
187
221
222
323
24
251
216
192
132
103
146
174
186
219
229
232
256
335
343
219
350
223
285
285
105
90
228
294
275
222
212
79
173
132
206
403
324
89
308
65
272
186
175
207
156
184
223
184
223
209
267
202
278
278
303
262
238
271
351
296
232
253
232
338
357
248
230
250
224
231
279
256
247
279
265
283
255
255
257
298
265
244
273
328
283
273
319
277
263
309
265
243
273
265
260
295
275
240
271
280
303
280
298
243
275
276
274
306
291
291
333
287
287
323
248
254
256
243
254
247
259
254
257
250
240
233
238
144
272
122
81
61
20
153
161
170
242
283
376
308
286
260
249
273
240
333
274
233
186
203
225
190
181
232
205
151
214
219
157
155
183
146
155
221
147
222
206
166
125
214
179
93
92
93
127
103
100
97
92
95
142
116
107
103
100
433
476
320
368
264
304
350
296
368
422
338
289
360
416
288
277
329